4
amb: 0.3 0.0 0.0
sphere

pos: -2.0 -2.0 -5.0

rad: 1

dif: 0.5 0.5 0.5

spe: 1.0 1.0 1.0

shi: 25
light

pos: 0 -3 0

col: 1 1 0
triangle
pos: 4.0 0.0 -15.0
nor: 0.0 0.0 1.0
dif: 0.5 0.5 0.5
spe: 1.0 1.0 1.0
shi: 25
pos: -4.0 2.0 -15.0
nor: 0.0 0.0 1.0
dif: 0.5 0.5 0.5
spe: 1.0 1.0 1.0
shi: 25
pos: -4.0 -2.0 -15.0
nor: 0.0 0.0 1.0
dif: 0.5 0.5 0.5
spe: 1.0 1.0 1.0
shi: 25
triangle
pos: -1.0 -2.0 -7.0
nor: 0.0 0.0 1.0
dif: 0.5 0.5 0.5
spe: 1.0 1.0 1.0
shi: 25
pos: 2.0 -1.0 -7.0
nor: 0.0 0.0 1.0
dif: 0.5 0.5 0.5
spe: 1.0 1.0 1.0
shi: 25
pos: 1.0 -0.5 -7.0
nor: 0.0 0.0 1.0
dif: 0.5 0.5 0.5
spe: 1.0 1.0 1.0
shi: 25